DateTime,Entries,UniqueIPs
1438136187,0,0
1438136187,0,0
1438136187,0,0
1438136187,0,0
1438136187,254,1263872
1438136187,254,1263872
1438136187,254,1263872
1440631768,324,1276928
1440631768,324,1276928
1443512099,212,1277696
1446103148,224,1314560
1448836885,226,1315840
1451465577,235,1349632
1454025634,251,1429760
1454452580,258,1428480
1456617637,258,1428480
1457913920,261,1430528
1459215119,260,1429760
1461880281,268,1532160
1464584821,263,1513984
1465357136,262,1513728
1467243763,286,1505280
1469759141,288,1509632
1472424244,286,1505792
1475106770,297,1464320
